cam0:
  T_cam_imu:
  - [0.9392577056645646, -0.23231813777965257, -0.25263262894632066, -0.00016248118572812997]
  - [0.14844982289324224, 0.9386582093452219, -0.3112610096234081, 0.0004074549468366078]
  - [0.30944726922805443, 0.25485103273758314, 0.9161295425210805, -0.0007518612893499692]
  - [0.0, 0.0, 0.0, 1.0]
  cam_overlaps: []
  camera_model: pinhole
  distortion_coeffs: [0.19799800046203697, -0.3156827247279146, -0.001708115051121651,
    -0.004313277632452483]
  distortion_model: radtan
  intrinsics: [1020.4944293743841, 1022.8728841510067, 628.3176980622136, 353.9276332969078]
  resolution: [1280, 720]
  rostopic: /cam0/image_raw
